-12569.37401458825800000000
-12569.40283748767800000000
-12569.36113451993500000000
-12569.43153959582400000000
-12569.38022108236700000000
-12569.41261036858100000000
-12569.41449872943800000000
-12569.39328352410700000000
-12569.34550565357100000000
-12569.35302433083000000000
-12569.31406640872400000000
-12569.39971388243200000000
-12569.37776184971700000000
-12569.42250636469400000000
-12569.38993596300700000000
-12569.33014227991600000000
-12569.28646425930700000000
-12569.42742079591900000000
-12569.35166143857000000000
-12569.37041120904200000000
-12569.40849042717900000000
-12569.35977106505000000000
-12569.38470944165000000000
-12569.36573328062700000000
-12569.40165176072200000000
-12569.42210993056300000000
-12569.37702449940300000000
-12569.35234920274300000000
-12569.43101355852000000000
-12569.26971450926400000000
-12569.38070273200000000000
-12569.42869670419700000000
-12569.41445336485400000000
-12569.43648516240700000000
-12569.37456426628300000000
-12569.38242152153500000000
-12569.37361019198600000000
-12569.43081302904800000000
-12569.42746769038800000000
-12569.38231386178300000000
-12569.39875725040300000000
-12569.43587043682200000000
-12569.37023408925400000000
-12569.38686174994700000000
-12569.28020815370500000000
-12569.39804505531700000000
-12569.38229932282200000000
-12569.40006946704100000000
-12569.37648550761200000000
-12569.29428737110000000000
