0.04272978672017347000
0.08131403183808716000
0.03475989827914150000
0.01793721851679253000
0.04388153524330507000
0.05412048818766069000
0.02802034295241684300
0.05233795955899056600
0.01824877886999631800
0.04166224576638600000
0.02852797765725556500
0.06047238636931995000
0.03160193967417202000
0.03709687635470660000
0.01948359655510190000
0.04784992710745373000
0.03134386045977111000
0.05629844003721063000
0.04895660607802243500
0.02464874244997661300
0.05191858547790007000
0.02323899712308774600
0.03491462808416346000
0.02127577033131489000
0.03607493506016768000
0.02023494924103674800
0.03559437058261183400
0.07695323545093347000
0.01717494799706687000
0.04342690518434056000
0.05843528364034656000
0.03843738237858618000
0.02474180308461671000
0.02950417982392439200
0.05987277848973393500
0.04700520920735629000
0.05088633706376955000
0.04771003961011333000
0.03601565842694088000
0.06907308318498240000
0.06706097504919883000
0.03803951423146090000
0.06987063460519893000
0.04857733865241842000
0.03299680340198963000
0.02099585506294277000
0.03792689668828375000
0.03382841859616947400
0.04224803138946287000
0.07602771753922655000
