0.00001654074492765858
0.00000992237227966013
0.00001620502967542667
0.00004508285630916417
0.00001361519997035604
0.00002085690665657807
0.00000744922041628533
0.00000544745799595943
0.00002349762124520794
0.00002413233992259381
0.00001638013028335099
0.00002208399274347899
0.00000850122635771622
0.00001210854599748000
0.00000559710484713950
0.00001408276233762941
0.00001417252006073201
0.00002223881796285631
0.00000582787056218646
0.00002732317327285630
0.00002935558898335737
0.00000761634037215390
0.00002157344115486971
0.00001489859339583773
0.00003621776134904491
0.00001505733587913538
0.00002080663296907978
0.00001511100869663131
0.00001683085630440339
0.00001031569783043731
0.00002451035910020847
0.00005360429430827330
0.00000958954751336950
0.00002020660521688776
0.00003714936423739236
0.00003606321771759288
0.00001354028032473762
0.00002259725969060786
0.00000602067282566771
0.00001186423980621702
0.00002289169809427307
0.00000686317211693409
0.00004837362300010555
0.00001645996153566061
0.00001699015590959084
0.00002586182694381387
0.00000807090129477998
0.00001457613001017829
0.00001893137127006492
0.00001342733094740020
