-9.65847664974481800000
-9.65990315487777000000
-9.65949676826107300000
-9.65819614735978700000
-9.65451636499840400000
-9.65910385980464900000
-9.65508402406456200000
-9.65955044898018600000
-9.65723737260552200000
-9.65906484150012000000
-9.65514267327433700000
-9.65972241891684000000
-9.65917287868141500000
-9.65907499517010300000
-9.65983805164448100000
-9.65882248049250200000
-9.65945829727622200000
-9.65986866210560200000
-9.65503560557314900000
-9.63881286304215800000
-9.65835602013198600000
-9.65841355211913200000
-9.65922784936901700000
-9.65872360328002300000
-9.65985192359637800000
-9.65954793500296400000
-9.65392551956959700000
-9.65889115076208400000
-9.65976994097113800000
-9.65905388331218300000
-9.65791781325417600000
-9.61987471161602800000
-9.64879359235779000000
-9.65445347149936200000
-9.65991140201809100000
-9.65863735167188700000
-9.65960671456789500000
-9.65460020680538700000
-9.65978511144397200000
-9.65936109472243300000
-9.65973189327816900000
-9.65809500565063300000
-9.65926453557719200000
-9.64952448179299400000
-9.65977444844218500000
-9.65904441684485500000
-9.62121246175638400000
-9.65939933365959300000
-9.65443211616327100000
-9.65713118665241800000
