79.74553279618932000000
17.69453637507180200000
17.26896353470122500000
29.12432265770654000000
77.43875136391596000000
27.77681705805112000000
31.40240683730384300000
14.32343068796491900000
16.62856099096535800000
18.84073172212551000000
76.00234625368894000000
78.06724154292435000000
13.04227514790322800000
22.87917536726925000000
24.25791273251700000000
26.98204613597505700000
94.72981711517475000000
77.39799568494692000000
22.85441078940300000000
21.43640098079645600000
81.98102916170040000000
74.80837634794798000000
17.01193928264719000000
71.87819509240418000000
77.49706477717761000000
28.07399811342841000000
71.85657179545645000000
82.47202089355638000000
30.51036017235768000000
27.79671548809455000000
33.91172681345132000000
23.09948597240987300000
90.72696606692081000000
69.03452475657540000000
3.72474581243821930000
22.49097657194715400000
19.10285257002381300000
82.17020011644213000000
73.94080073614782000000
15.41521810173568800000
5.85053130937485200000
68.16647194440675000000
16.70999340551950000000
27.42648532237544000000
23.87568540351506400000
74.09765638439649000000
24.16813678154357000000
72.67032930919734000000
82.80889472632285000000
84.19371296541915000000
