0.00426808466675154800
0.02071225734908743700
0.01078000512169197100
0.00719760257715051900
0.00840836608621664500
0.00522409240677212950
0.01634587062455494800
0.01043129368625095300
0.01201017378270563500
0.00456106902047182000
0.01555495549450647300
0.00840140707338044000
0.00465707920604963000
0.01299990801179440300
0.00704404829015281600
0.01848420186326116300
0.01420443635666934800
0.01452266113917311000
0.01139261523054990700
0.01268861963763967500
0.00630366387358805000
0.00871189736137978300
0.01455637412269794600
0.00828103218834464000
0.01736670058390288300
0.01029068932755983200
0.00321709957309224140
0.00637240771971114800
0.01392734587771293800
0.00835969374319134300
0.00373718881372120400
0.01222848412567678600
0.01147709428468424200
0.01201025556493462400
0.00322644144380568300
0.00387543123710010200
0.00435340501243253200
0.00670534464242322800
0.00557555960353717200
0.01457970521742702000
0.00801619185485158400
0.01745037225465040400
0.01244161204105864700
0.00938143603460695000
0.00612012449546206500
0.01240396207785998700
0.02263853221873724000
0.01287750426725686700
0.02109010918725395800
0.01015155517201549200
