0.08882057651838182000
0.02658263520046044700
0.05992538717607543000
0.05130926220854248000
0.06952776358166879000
0.16284890495811700000
0.09709543015152278000
0.04486322249722363000
0.03179279696993598000
0.10052980492748564000
0.04820660324235015400
0.07319996971669529000
0.03239625026501269400
0.06166768325556060000
0.06800997685846610000
0.10558926869266028000
0.04011270968822367000
0.19307408524319780000
0.02359676981104297200
0.06779972506165377000
0.07241201023388744000
0.09494720202406570000
0.06796976556965584000
0.06584462138884395000
0.05577901581909261400
0.06378181137868844000
0.04918595953414262000
0.07470481420725472000
0.12664891130513223000
0.07448560706569973000
0.04487124371394502000
0.06179823029625664000
0.06462449158884964000
0.06566343667591545000
0.04966868267506519000
0.04439943139445945400
0.06689431516622990000
0.10500816861257634000
0.08851110966183362000
0.09517636540935825000
0.04334561560565886000
0.07852440115501225000
0.02798972346711781000
0.06166573562688604000
0.03475666323734838400
0.15935692846340743000
0.09993363394595023000
0.13254579299200010000
0.06390211527840939000
0.03623902814958102000
