0.01178036963010953300
0.02208050499929470300
0.01115884808103828600
0.02349612045509275000
0.01515205003107667000
0.03263232827687012600
0.01545913276548915900
0.01678920382249060600
0.03263413642917356600
0.01145627640589452800
0.02267845025079218000
0.01988014456849285200
0.01063331464791161800
0.01038104310504373000
0.01345067106162645100
0.01472968107906069700
0.01079869650529552400
0.01133359903136366100
0.01672216169257012600
0.01154289162852784000
0.01847296576647572400
0.01233631268879342700
0.01810027195292107600
0.00813116849914585800
0.01887194922141333000
0.00729917798181567400
0.01211257014030486800
0.01106398392531993100
0.01774473402853615800
0.02067507259892309400
0.01041586935017413400
0.01075755121791743800
0.01049747946232315600
0.02643484650727678800
0.02184828628485746500
0.01441559623025412400
0.01126323559376096700
0.02198027323218987300
0.01540656413737551100
0.01909427088318871300
0.02327709517381038000
0.00877706277598022700
0.01164232140839161000
0.01241007276628103300
0.01452499868355516800
0.02369690252566769600
0.01685271784996089700
0.01262502256814279600
0.02181013048842217500
0.01465481298182247400
