-783.32257918044380000000
-783.32182811360900000000
-783.32260489551290000000
-783.32248049181950000000
-783.32269677882320000000
-783.32275988231540000000
-783.32236846421310000000
-783.32212939624620000000
-783.32218861238060000000
-783.32177081869620000000
-783.32211120203610000000
-783.32301144246210000000
-783.32262461763320000000
-783.32271126605590000000
-783.32217085130700000000
-783.32265555363670000000
-783.32227565073370000000
-783.32239246137510000000
-783.32251021420340000000
-783.32250435141800000000
-783.32255160256510000000
-783.32268148746280000000
-783.32258286461840000000
-783.32226177799330000000
-783.32296407921260000000
-783.32195355716560000000
-783.32225981364560000000
-783.32284018639640000000
-783.32284498003740000000
-783.32288609163800000000
-783.32205912773750000000
-783.32247624513660000000
-783.32271594830650000000
-783.32246112617210000000
-783.32212118534020000000
-783.32276368862900000000
-783.32247839449180000000
-783.32217665399160000000
-783.32271944358110000000
-783.32285391932450000000
-783.32187283581850000000
-783.32240684279170000000
-783.32205257057230000000
-783.32256971765250000000
-783.32263104026050000000
-783.32261409434470000000
-783.32187865915810000000
-783.32153294143500000000
-783.32182819768250000000
-783.32271258913670000000
