0.10666965189310007000
0.16050597728293214000
0.07331090077734181000
0.09264674593251077000
0.04780832789429390000
0.08950380239895461000
0.04454217981300956400
0.10225871311409296000
0.03609595123592468400
0.16835760399351185000
0.07412623452405209000
0.04690952401745263000
0.05314377736108744000
0.04215844413600855500
0.12556832889218417000
0.11212913062026975000
0.10913051059751444000
0.05398755082167816500
0.06559208203034839000
0.09642629868066876000
0.16048114418148895000
0.06165524373295328000
0.05230479893278472400
0.04928965695801546000
0.09973463441966601000
0.06783035602955545000
0.06674718068517027000
0.10295525205332745000
0.17145508896498263000
0.15806139330407343000
0.07857759931554631000
0.08173726660886216000
0.06099003517890589000
0.04911679412107861000
0.16011576396261107000
0.08347879889623078000
0.05648347774303830000
0.04948684665177549600
0.08479698517397050000
0.06193453295370244000
0.05528963602828773600
0.06088942378038409000
0.07228265736632988000
0.10513073715168186000
0.08523730855930434000
0.09634433272065124000
0.02510342214186745000
0.05423760370855257000
0.06659797528652656000
0.10324946997217843000
