0.01801097431909130000
0.00335073100966893200
0.01402243653928934300
0.00406252662566995200
0.03904095597530786400
0.00892407946320158600
0.01002923400845224600
0.01885149300017365700
0.00156943297077662440
0.00255043478205767020
0.01422454811050406400
0.00455795649557334550
0.00585380365945445060
0.00733851116477677100
0.00725772623929206100
0.00358113689617285070
0.00460529853352953200
0.00751106591971808550
0.00754842997376643800
0.00666601138438945300
0.00833648373025365500
0.01117313668522142000
0.00820613949359276700
0.00831767494056100800
0.00278304171292230100
0.00667567827528168200
0.00987625167662224700
0.00489463041488461850
0.00798781179793977600
0.00444765736515627740
0.00974160165010034600
0.00144171289781497230
0.01244842200064133700
0.00824649776742675400
0.00360382312885862460
0.01180545755051187800
0.00887532595210217600
0.00501833004948111000
0.01012192499519662600
0.00231072386495313060
0.00437832695590305700
0.00854478571013691000
0.00540118275014441300
0.00339453053400248650
0.00882933505785206800
0.01267540569051611000
0.00505574012284063800
0.00458170051719452350
0.01451747707349179000
0.01076712463914450600
