-1174.98412237453700000000
-1174.98400820838800000000
-1174.98414508917500000000
-1174.98342294561350000000
-1174.98348046754950000000
-1174.98348906005870000000
-1174.98270045899950000000
-1174.98324327679260000000
-1174.98348582856940000000
-1174.98397342865700000000
-1174.98440140361030000000
-1174.98267164683170000000
-1174.98332014953300000000
-1174.98389111013060000000
-1174.98336049283560000000
-1174.98313844671970000000
-1174.98301984739260000000
-1174.98361182920550000000
-1174.98345483318500000000
-1174.98356159981000000000
-1174.98309458752670000000
-1174.98399503377000000000
-1174.98397838466460000000
-1174.98408331082000000000
-1174.98426776549670000000
-1174.98326826970600000000
-1174.98291215728600000000
-1174.98366734107500000000
-1174.98302447084140000000
-1174.98342995005870000000
-1174.98317760300850000000
-1174.98364835357940000000
-1174.98339700623050000000
-1174.98363248432020000000
-1174.98352144189970000000
-1174.98433980533670000000
-1174.98389453679600000000
-1174.98355960995650000000
-1174.98343545755420000000
-1174.98333151913100000000
-1174.98333026211870000000
-1174.98424798721630000000
-1174.98391138622650000000
-1174.98251141189500000000
-1174.98387584494570000000
-1174.98355820258400000000
-1174.98383938567710000000
-1174.98353604881640000000
-1174.98345962351870000000
-1174.98351093591490000000
