0.00002625555852691269
0.00002129374079751507
0.00001374346659032293
0.00001905423956845606
0.00002437642958743566
0.00002182883602291568
0.00003237806642141077
0.00004186782852397294
0.00004584130694913553
0.00002751981378547525
0.00001476891541039089
0.00000807884800914641
0.00003542903911140319
0.00001610864667981183
0.00003656117753152462
0.00002367593497520921
0.00001621238391526741
0.00003739350239039598
0.00005651048185984600
0.00001295492561612426
0.00001467150104377416
0.00002415727696510873
0.00008815769928213593
0.00001728213205660856
0.00002874142632769221
0.00003029740764961654
0.00002701691368316397
0.00003176591967478424
0.00001425822879508326
0.00002810340023600752
0.00001119222439312893
0.00003847565152554444
0.00004105089515471372
0.00002182800340511921
0.00002614375798167749
0.00005463554113456004
0.00001823009852987051
0.00003198438362380779
0.00003675856865528991
0.00002253058209215588
0.00002300637676383581
0.00002752072997867654
0.00002333535308304376
0.00001841245008059928
0.00003299746203972242
0.00001548398055991104
0.00002136364584195521
0.00003830159992821479
0.00002121284165272213
0.00001132161889261251
