-4189.81185099551500000000
-4189.79792966480450000000
-4189.81347434963700000000
-4189.80019750670450000000
-4189.80681916144000000000
-4189.81210092806900000000
-4189.79171216712100000000
-4189.79490547518900000000
-4189.81700961082200000000
-4189.81297366473600000000
-4189.78174174801000000000
-4189.74652892130200000000
-4189.79443359956100000000
-4189.80657976805600000000
-4189.76933104303700000000
-4189.80607839662500000000
-4189.80223888139200000000
-4189.80655016056000000000
-4189.82061472337300000000
-4189.81628025315200000000
-4189.76969938538000000000
-4189.81241594626400000000
-4189.79515398768850000000
-4189.81456695365800000000
-4189.79959168671400000000
-4189.81925523011000000000
-4189.78710884207900000000
-4189.81171218316200000000
-4189.79664998301200000000
-4189.80363873957700000000
-4189.82400464947000000000
-4189.82368670253250000000
-4189.81838246325800000000
-4189.80055904074400000000
-4189.79579589339900000000
-4189.76413189778500000000
-4189.81958248063200000000
-4189.74156098431600000000
-4189.81908311295900000000
-4189.79545472373000000000
-4189.78656321993300000000
-4189.80027948915000000000
-4189.81059210504900000000
-4189.82047700376550000000
-4189.82120538566100000000
-4189.77695472320700000000
-4189.81808370841900000000
-4189.76845720253500000000
-4189.79772097305900000000
-4189.81111171403400000000
