0.00255801588305004660
0.00468877012313662100
0.00449096349088229400
0.00166882286164415920
0.00095498213250522210
0.00152688620000240860
0.00772879310287777340
0.00111540139788424140
0.01608380837995327000
0.00263879858679239000
0.00269540401476930920
0.01001191148145075300
0.00628486821419649300
0.00166324647795867970
0.01077975656533603000
0.00258062851784046640
0.00158964073702705380
0.00189844292594187900
0.00350069445063994070
0.00176263746278948470
0.00220009088645234400
0.00625605733780609800
0.00424084191455342800
0.00540196744071330700
0.00900901693492706100
0.00094677427692424490
0.01601991956350268300
0.00521001384967867400
0.00343450290298363830
0.00390180230654735300
0.01144190871428385500
0.01031714240141390300
0.00204014344056879800
0.00220981743546033730
0.00302477096862041600
0.00330101729773701900
0.00376510041813027400
0.00342824133139174600
0.00413442452477141800
0.00455722846302819600
0.00380623213799502500
0.00553141923587396900
0.00566806098471062100
0.00346497581206328680
0.00796252559367083300
0.00135298068306966000
0.00309310013989438900
0.00504851754600110800
0.00122328500835422460
0.00216441975786096900
