-840.73170439756540000000
65.68817214738647000000
-879.43447529387780000000
1754.30043445775300000000
-75.60839773765110000000
-1152.08052378916180000000
-1217.38647277091510000000
-813.39269417829930000000
-717.14952326791540000000
-731.41125427951560000000
-1453.06250639082280000000
-1043.41828480752160000000
-1184.16540503638680000000
-1002.75406121785640000000
-455.19687879774030000000
-1065.60353751083310000000
-752.81955483873750000000
-432.05388447898804000000
-1061.20373580777960000000
-1157.81933615516750000000
1660.02120658482100000000
-449.50318071963920000000
-966.57084652734920000000
-820.72111314949870000000
-1223.02624641112930000000
-395.72776286773296000000
-609.20744553107220000000
-635.74066730438790000000
-1361.90329171202030000000
-873.13914288478190000000
646.49797943713570000000
-651.41622465513320000000
-1209.27341619183430000000
1295.68365984025510000000
-1231.12866319935700000000
345.62958199263403000000
78.63294327403128000000
968.88045422581490000000
995.63835461120830000000
-925.67662453806410000000
-1424.74164488850500000000
-315.49677303334830000000
-621.35228286864190000000
-919.42306653704140000000
-940.27941163344080000000
-894.17201067453420000000
-994.00703368528050000000
-1370.15611960788370000000
-1149.78456340938280000000
-1323.48715390973670000000
