12.44787382335519200000
74.69479111643165000000
16.02139817733165000000
17.59105667252683000000
78.74190793100338000000
18.95668571142518700000
73.64327614794634000000
71.67296929130113000000
1.53751278278475940000
85.15837534302098000000
20.36471830019009500000
66.46634839331291000000
14.84487650315235300000
1.66245802038400360000
2.30274401232289570000
6.06085349539421300000
81.35459233660966000000
12.89253575229437000000
73.11509226714414000000
72.42700190692990000000
9.53488475768736200000
2.23537547954491000000
7.59618054862861000000
1.87555442006670910000
77.75966298575744000000
74.63839405764459000000
2.84681017077393860000
41.29694999144391000000
13.11736388884732400000
8.41785960904610000000
8.94342767347334800000
15.97412333994188500000
73.30375760393515000000
75.36287925420460000000
12.72876515823071500000
2.20403758081176200000
16.97604694851059000000
77.54614082727466000000
17.77185355157302000000
8.65891005820534200000
77.62357276908311000000
18.30619945379356000000
1.72845814449214430000
6.15705143583321900000
17.91587490021917000000
16.66462829483250000000
29.21599120698114400000
15.81587566934708600000
11.58352064447626000000
18.11381132929025400000
