2.07872647770471360000
7.40064769428491700000
7.72208681869322800000
0.93595627623006700000
7.37869139700680200000
7.70104247480439600000
3.45158208540715800000
6.28572621686845200000
7.04126990863811900000
1.74667107732990480000
8.09492148809547600000
5.88541792282297300000
6.73747382167649300000
2.82010622151688130000
0.08061445367223513000
5.33005987458610000000
1.48398400825569570000
3.21824275844478700000
4.97680215485434500000
0.70235819520769430000
5.68298494011184600000
1.75293627726870600000
4.72971209482345100000
0.48170578659769525000
1.09153419168399250000
6.91416912476951100000
1.51031548143360530000
6.78584925803896000000
1.94633477252572450000
0.93167043814759900000
0.64495420437379300000
7.62488867320712000000
1.84206059365550080000
7.43665293312234800000
7.23329275947610600000
7.54208808463525300000
7.19447726600736700000
1.02457898939610060000
1.48424140809322960000
6.68802812227467000000
6.60346892957921750000
6.48446516338667860000
7.76832805002066000000
0.49182832752746410000
0.06265123019902744000
4.04638804625362700000
3.92205534365419000000
7.62983069749467900000
1.06478692228645370000
6.24737665512575600000
