-8379.58556162518000000000
-8379.58012663840200000000
-8379.62266707209500000000
-8379.62490766006900000000
-8379.56495845817700000000
-8379.61292106281300000000
-8379.61679036895500000000
-8379.58649814610000000000
-8379.55179353471800000000
-8379.61199621011500000000
-8379.54294521059100000000
-8379.62758521549000000000
-8379.60354479519400000000
-8379.61531625905600000000
-8379.62878704875400000000
-8379.58936898693700000000
-8379.57093772084800000000
-8379.60054546913900000000
-8379.57744831433000000000
-8379.59560992471200000000
-8379.59686285115500000000
-8379.61556644389200000000
-8379.57276184499600000000
-8379.62522829033500000000
-8379.57144353306600000000
-8379.57833192941900000000
-8379.61523637391300000000
-8379.58698865002800000000
-8379.58594659740800000000
-8379.59736803739900000000
-8379.61665496347600000000
-8379.56394274377600000000
-8379.48803043199200000000
-8379.59318511016000000000
-8379.61001454267200000000
-8379.59082872937100000000
-8379.56673509616300000000
-8379.61886975570600000000
-8379.60701538686600000000
-8379.60311117673700000000
-8379.59143486396500000000
-8379.60099438909500000000
-8379.57513516509800000000
-8379.54441511460800000000
-8379.56715164381400000000
-8379.62601563505000000000
-8379.60998567552500000000
-8379.55765947225200000000
-8379.60452863777800000000
-8379.58763452074900000000
