-391.66142065271910000000
-391.66057898997560000000
-391.66107621306975000000
-391.66069329779900000000
-391.66156884288307000000
-391.66153556301697000000
-391.66137307957150000000
-391.66140793704880000000
-391.66152192887125000000
-391.66138078580270000000
-391.66138712391370000000
-391.66019562717220000000
-391.66144666637540000000
-391.66127586000480000000
-391.66142635270813000000
-391.66101762308136000000
-391.66099182325110000000
-391.66152346142240000000
-391.66136607893554000000
-391.66127279655310000000
-391.66132533805796000000
-391.66152130190784000000
-391.66143339685874000000
-391.66128519704130000000
-391.66154609737777000000
-391.66156387517157000000
-391.66106696338545000000
-391.66136029016040000000
-391.66155983712280000000
-391.66120553860526000000
-391.66127384400653000000
-391.66108716982440000000
-391.66149384562164000000
-391.66110432024240000000
-391.66074669611240000000
-391.66127751382095000000
-391.66118293653744000000
-391.66133913223830000000
-391.66069184682704000000
-391.66052925570990000000
-391.66131061229220000000
-391.66125992135284000000
-391.66121384293217000000
-391.66107745409450000000
-391.66112042192400000000
-391.66095637191280000000
-391.66140102674194000000
-391.66099494394530000000
-391.66149782348714000000
-391.66148041702604000000
