-19.62230957188417700000
-19.63088185887502500000
-19.55673664806100500000
-19.63610811982275500000
-19.62349970198114600000
-19.63446378660040600000
-19.62685071981741000000
-19.62893614767069000000
-19.63016060259901000000
-19.63324747047929400000
-19.62448717408248200000
-19.62774247975352500000
-19.62849712828533200000
-19.63338469040958500000
-19.62747595007963500000
-19.63056151363561600000
-19.62880511795440300000
-19.62640335039478500000
-19.62700924015502000000
-19.63267033614558700000
-19.62905997581429700000
-19.63479847806246000000
-19.62535410251436500000
-19.59252146881353300000
-19.63072464814085000000
-19.63023083822957200000
-19.62956516188889500000
-19.62909099175232800000
-19.62867302534365500000
-19.62673054252039000000
-19.63296473872287600000
-19.62853290196195400000
-19.62790110840999300000
-19.62488685014487000000
-19.63254460824590500000
-19.62651444428742700000
-19.63031708844525600000
-19.62823850168945600000
-19.63174648364866200000
-19.63456551291043000000
-19.62607021118828500000
-19.62829454624501200000
-19.62805571024829700000
-19.59269581398169000000
-19.62611643015472000000
-19.63240768120634000000
-19.63237850164744800000
-19.62416793137915000000
-19.59232365900981800000
-19.63405923296027200000
