0.03682991694934445400
0.06967952166191482000
0.02701111291606084200
0.05420413450673367000
0.03033442046782442000
0.03657440774647513500
0.06523057160142232000
0.04202329519048975000
0.04786528595176564600
0.06031344043884390000
0.03921489511063614000
0.03635863775638315000
0.04532299833051612000
0.03542290887931942600
0.04192208348503756500
0.04103228387956692000
0.04043948973911826000
0.04194768594811693000
0.04934087380543461500
0.03784900281798586600
0.04262517726861548000
0.03668004046607054000
0.06082527243168600600
0.04658367748653136000
0.05882524137836187000
0.03127557857804364000
0.04790851820071440000
0.04509231773822053000
0.04121354029827673000
0.04864101333743820000
0.03407855791735814000
0.04009156983507767000
0.04252182873152366000
0.04742870473460003600
0.03655569677642889000
0.05421766962891228000
0.07844271025935656000
0.04293804294769332000
0.03928454946524740000
0.05411360236486873000
0.03477576791681303000
0.05023454411753692000
0.06158584673465528000
0.03936384723944686000
0.03677912836474606000
0.05059983311280591400
0.05765756061482863000
0.05272915693109370000
0.04694872919251880000
0.04423675324424936000
