0.00359487358606817500
0.00136739813520842400
0.00151768976636876750
0.00088875097360984400
0.00055542823274361500
0.00368186498493494260
0.00160168173170253200
0.00245493607713474500
0.00558090515062774600
0.00509169710747274500
0.00297108775090912900
0.00339108356456159070
0.00695856421971873300
0.00217206539109985950
0.00542260439151773500
0.00072294754899442070
0.00024651381169615190
0.00022489413591134760
0.00589786836162486600
0.00374800224703156300
0.00173061726493952000
0.00203709921244278830
0.00212459699252730240
0.00276893702508437100
0.00500910404100811100
0.00288410117522400630
0.00236969832601821150
0.00356058064093281100
0.00462807022280291600
0.00015352866631934434
0.00368917418627473800
0.00121948978331686520
0.00038672479716298934
0.00622508289326187900
0.00186491090171787750
0.00416672826140950500
0.00103831486619588180
0.00152794434522157950
0.00448719199143345500
0.00059253596633541650
0.00837510344112883300
0.00077970903164467580
0.00097134263666664570
0.00136861685506079060
0.00079953413960118630
0.00194167898018705720
0.00322090942022685560
0.00145952435708480300
0.00548666324351215800
0.00306970034373664970
