0.06622952350179634000
0.11974290758823947000
0.05522077981338769000
0.06224437200678678600
0.06485506896957316000
0.06673121488010658000
0.08823521414207258000
0.05710519324034868400
0.09507652818238255000
0.11226121169492143000
0.06780038790693299000
0.03787880374017538000
0.04867365577854543000
0.07659920147012311000
0.08542915836402165000
0.07464671362267505000
0.09416625969104786000
0.08287375404882169000
0.07464422732838105000
0.14598696140628387000
0.13129655935865148000
0.02324985121463096800
0.03913220904887382000
0.10181136014754655000
0.06646735621372846000
0.09777290004705674000
0.06901771798699319000
0.06788239179330080000
0.10239726330665588000
0.09117790000122250000
0.08427402546627560000
0.02778611962747446000
0.09186180781092224000
0.04679416011919546000
0.04925185022540113000
0.08135595996320210000
0.03911435491851789000
0.09835351015341276000
0.06100619193562540000
0.08553842734502104000
0.07780890350346392000
0.04186607960573896000
0.08006585745782857000
0.08882117032796777000
0.11194936484620366000
0.05102237202598159000
0.08302024844389144000
0.02534066289549219400
0.08747196098642906000
0.04506964562349402600
