0.01855348956497018500
0.01280185403200688100
0.01058127265591741700
0.01869139313981780000
0.01927084237851437600
0.01499265586340253800
0.01883885769103818600
0.01752049392618176500
0.00432509240230763950
0.02853367441976849300
0.02530977551312924000
0.01659513030711316000
0.01818191575940323500
0.01070552053381222700
0.00670872306218947700
0.01233812911085761000
0.00800979176475631300
0.01263314215109688700
0.00718364736707294300
0.01184538188703048200
0.01236815925756140600
0.01421989038710072400
0.01549431015086501900
0.00729005329194251000
0.01551649524192268300
0.01325993902835395100
0.00624276996275284800
0.00858878674535344000
0.00925773321463731700
0.00643059561172858700
0.00584384098584132500
0.01222228903088119600
0.02057162066851224800
0.02302888705443260000
0.02444171176826765600
0.02429047551099674700
0.01246090992210823800
0.03810368460125956000
0.01234682242027348300
0.01509463109401185600
0.00615614516182868850
0.01757630405896455000
0.00773724630864933760
0.00983786019987175800
0.01616104341033384000
0.01787951056981173700
0.00982831751196155800
0.01669213319162340300
0.00740968862785189660
0.01415145320644142800
