6554.55689842079300000000
4420.46988635018350000000
5499.84345831500800000000
537.11334724875630000000
8413.93584926769800000000
9144.32054699631400000000
7261.04651855825800000000
-2161.62946850131270000000
10706.66319789877200000000
9.90395288821309800000
2470.78961279756200000000
6912.66271852637900000000
-2018.05535157665140000000
6007.50142828046200000000
-3819.73810739233160000000
-754.84474454604790000000
5883.27146852447200000000
-1769.80526743837980000000
-2857.18208118365150000000
2967.05576232218300000000
-1233.36510793847260000000
8414.03777376923200000000
-2591.02666140755170000000
-2542.23271732084700000000
972.05787127572690000000
1766.22886028313950000000
-3362.70300259080250000000
6220.73757533244500000000
-445.75005610566586000000
1410.59753889980500000000
-413.65468803545810000000
9780.69563163246500000000
4682.52151313069000000000
10111.10738169652200000000
-2654.68574517971140000000
-920.46538889364460000000
2479.77624213119270000000
15260.48302375862800000000
10288.21794746641500000000
1259.79661551537000000000
4177.55167481837300000000
2206.66856321581870000000
-901.78449755749900000000
-1236.85577733023100000000
9093.80409816326600000000
10947.55578647801300000000
1326.81649326670410000000
-556.47885950116320000000
-1291.01757127384200000000
6323.66771688353000000000
