-29.61672202940878400000
-29.61102607060785300000
-29.61318112750777000000
-29.61047861434328300000
-29.61518175476102500000
-29.61468574292818800000
-29.60773553685200000000
-29.60827408979348300000
-29.61361093822698700000
-29.61291277652719200000
-29.60600471156555000000
-29.61595547040958500000
-29.59533749276432200000
-29.60919324375903000000
-29.61685698284002300000
-29.60712930470814200000
-29.60121622301330300000
-29.59911655013109300000
-29.61779238973728600000
-29.61406913013198000000
-29.60933237970979400000
-29.62512490833149700000
-29.61187484378953300000
-29.59616207977735800000
-29.61159302317714000000
-29.57148835723250400000
-29.61570277713745700000
-29.62270164888819000000
-29.57569316789533000000
-29.61987993958977000000
-29.60965673339443000000
-29.61117182529915200000
-29.61874100152154600000
-29.59572972769234000000
-29.60848894349158000000
-29.60877181464304000000
-29.60538812959856600000
-29.61010208269408000000
-29.62504107195695000000
-29.59251099855774600000
-29.59641355736150800000
-29.60748854842088000000
-29.61598228247078000000
-29.61013082876203500000
-29.62227976420090000000
-29.61967528689499000000
-29.61702757059495000000
-29.58459178896109500000
-29.61047291770849600000
-29.61171070129466500000
