0.00000305464019961426
0.00000727187568818304
0.00002195050647188822
0.00001211295544278384
0.00000325299470066261
0.00000378557319968760
0.00000461470922560305
0.00000728078160132908
0.00000858394127857222
0.00001834298974160167
0.00002007980073481705
0.00002992497948053047
0.00000560493167120532
0.00000406150080496628
0.00000149657785449903
0.00005519489593876601
0.00001678846802780446
0.00000658104748152656
0.00000259979569343393
0.00001110426985239797
0.00001577251564407906
0.00000397518322958554
0.00000522342081185756
0.00002842206519014609
0.00001671424650485662
0.00000255989082787033
0.00000671495375254635
0.00000851959747449282
0.00000553757689566146
0.00001426161179512267
0.00000872489944904513
0.00000894997151105865
0.00001325507556233128
0.00000430283606688750
0.00000571144946690485
0.00000681224546436393
0.00000561126880958779
0.00001009394861115191
0.00000740479877493190
0.00000869155885320066
0.00000283648726012089
0.00000713698364194999
0.00000761571822413772
0.00000901918903749295
0.00000332898045415527
0.00001448631785619556
0.00000219140611183866
0.00001627596115943764
0.00000158344465437116
0.00000911318332761790
