-205.31360279643195000000
-208.35819621258997000000
-206.75065323435138000000
-202.93840285253827000000
-184.54022907378703000000
-187.68858637116500000000
-199.41806669473090000000
-209.35074189038642000000
-191.21645935639526000000
-209.33642141034488000000
-209.85793556471253000000
-190.12294692269552000000
-195.76535833803700000000
-207.83713116707350000000
-183.42292192020614000000
-208.78675067156928000000
-201.28894480025247000000
-208.42479934446146000000
-192.13797291558012000000
-206.84157515374864000000
-195.75400116991840000000
-158.74461611268794000000
-208.26999882107066000000
-190.93407040483453000000
-208.92460394538830000000
-198.56932590779160000000
-202.67239619030897000000
-203.05326548691210000000
-157.54660224327472000000
-202.51149173659087000000
-207.80454624534240000000
-207.67412333569200000000
-204.37868137063560000000
-208.88305284326634000000
-176.58839696097220000000
-173.17375754531804000000
-183.28224340706220000000
-208.87369957092960000000
-209.31340156965962000000
-203.75238653403903000000
-203.30204177117366000000
-209.55400941932930000000
-208.58808996036532000000
-208.17173993232154000000
-203.29592776429217000000
-208.30645902026300000000
-204.62906759700810000000
-205.46856937849225000000
-201.74416460267594000000
-209.35089464270368000000
