0.03456382750016162600
0.07641314198793525000
0.05326492277871653000
0.03562301710360360500
0.05672032437320995000
0.04199265998263302000
0.05085488717161057400
0.05434014570532897000
0.05538675013040661500
0.03306935120856424600
0.04551129681006971000
0.04216140237706911000
0.05128087390572888500
0.04230958018699882000
0.03760085936104973000
0.04981685808233083000
0.03829162838660638000
0.04744578883004680000
0.02380960456350722500
0.04513891063136954400
0.05750990254696164400
0.03249152462074933500
0.02791344166502840500
0.03347554287789522600
0.02207495383001445400
0.04991315914488981000
0.06031379764068534000
0.03190025150636488500
0.03966579997386832000
0.04465840486684103000
0.06012170865184929000
0.06596733964860535000
0.03629916083576434400
0.03869633353823021000
0.03834552788719181000
0.05248735225665557000
0.06155184802739955000
0.04955758141855826000
0.05759670327288591000
0.04345608555657820600
0.04995970589293863000
0.07265371449183577000
0.03224093750315093500
0.05997411897035976000
0.05119970403198737000
0.04290609452436955400
0.03616670327612370000
0.06524655460437545000
0.04433064609163439600
0.04841579554434050000
